1;1;1923456;2015-01-01;150;
2;21;1721347;2021-12-11;343;
3;17;5550178;2014-09-01;543;
4;9;8526632;2018-04-03;600;
5;13;2225678;2016-08-22;103;
6;12;3469631;2017-11-11;181;
7;5;8512953;2021-01-21;211;
8;15;7865432;2015-12-11;111;
9;47;3468642;2018-03-12;765;
10;11;1743926;2020-01-01;313;
11;18;3456547;2019-11-17;228;
12;14;3467908;2020-07-09;455;
13;30;3451256;2017-08-05;151;
14;32;7653579;2020-12-21;444;
15;6;5553331;2018-09-12;345;
16;19;8654434;2016-07-13;167;
17;8;3421345;2015-10-15;137;
18;16;1414151;2019-11-10;667;
19;18;1313173;2021-04-17;348;
20;23;4645464;2018-12-23;143;
21;34;2117341;2021-12-21;341;